
%liczba neuronów ukrytych: 10, liczba wejœæ sieci: 4
%wejœcie 1: u(k-4)
%wejœcie 2: u(k-5)
%wejœcie 3: y(k-1)
%wejœcie 4: y(k-2)
%uczenie w trybie OE
w10(1,1)=5.6691940144e-001; w1(1,1)=6.7289125829e-001; w1(1,2)=-3.4730239264e-001; w1(1,3)=-3.7426718192e-001; w1(1,4)=1.1032192701e+000; 
w10(2,1)=3.1806228160e-001; w1(2,1)=2.0930924276e-001; w1(2,2)=3.1978521953e-001; w1(2,3)=-4.1754572268e-001; w1(2,4)=3.5237487810e-001; 
w10(3,1)=-9.6186837040e-001; w1(3,1)=9.2957807865e-002; w1(3,2)=3.0110568225e-001; w1(3,3)=5.9935492175e-001; w1(3,4)=-1.0578740470e-001; 
w10(4,1)=2.9572061755e-001; w1(4,1)=1.5916780335e+000; w1(4,2)=1.5641232986e+000; w1(4,3)=5.9880626320e-001; w1(4,4)=-4.6213201803e-001; 
w10(5,1)=4.2118239513e-001; w1(5,1)=-5.6672379291e-001; w1(5,2)=-2.2698828648e-001; w1(5,3)=-7.0566080233e-002; w1(5,4)=-2.6151590376e-001; 
w10(6,1)=-8.0473765420e-001; w1(6,1)=-4.4101144769e-002; w1(6,2)=-1.6449359096e-001; w1(6,3)=-7.9574736340e-002; w1(6,4)=-3.5334730669e-001; 
w10(7,1)=2.4149198140e-001; w1(7,1)=2.5658840195e-001; w1(7,2)=6.3120890721e-003; w1(7,3)=-8.3496321251e-001; w1(7,4)=4.6885841483e-001; 
w10(8,1)=1.2271470222e+000; w1(8,1)=-2.7984821779e-001; w1(8,2)=3.4938395193e-001; w1(8,3)=-5.9527873022e-001; w1(8,4)=9.3043748636e-002; 
w10(9,1)=-1.2616974317e+000; w1(9,1)=-6.2896463785e-001; w1(9,2)=-2.3146490208e+000; w1(9,3)=-7.5181355798e-001; w1(9,4)=1.7758824148e+000; 
w10(10,1)=8.2969295333e-001; w1(10,1)=7.6024231179e-002; w1(10,2)=-5.7057824480e-001; w1(10,3)=-6.8592189952e-001; w1(10,4)=2.8700300986e-002; 
w20=7.7089757370e-001; w2(1)=6.7882222934e-001; w2(2)=-2.2596948811e-001; w2(3)=4.0790478111e-001; w2(4)=-5.0999783066e-002; w2(5)=2.7144441003e-001; w2(6)=-2.6906127338e-001; w2(7)=-5.6267828066e-001; w2(8)=-7.3456960584e-001; w2(9)=1.7301972851e-002; w2(10)=-3.7031922809e-001; 

