
%liczba neuronów ukrytych: 8, liczba wejœæ sieci: 4
%wejœcie 1: u(k-4)
%wejœcie 2: u(k-5)
%wejœcie 3: y(k-1)
%wejœcie 4: y(k-2)
%uczenie w trybie OE
w10(1,1)=5.6001047345e-001; w1(1,1)=1.2492487638e+000; w1(1,2)=1.5254311845e-001; w1(1,3)=-5.5921303642e-001; w1(1,4)=3.3280617479e-001; 
w10(2,1)=8.7052198452e-001; w1(2,1)=-4.2533664417e-002; w1(2,2)=1.0913166067e-001; w1(2,3)=-3.8090888734e-001; w1(2,4)=5.0225924524e-002; 
w10(3,1)=1.2092889206e-001; w1(3,1)=-1.8955253554e-001; w1(3,2)=1.2426749023e+000; w1(3,3)=9.0589235107e-001; w1(3,4)=-5.4946082767e-001; 
w10(4,1)=1.3558945274e-001; w1(4,1)=4.4227243086e-001; w1(4,2)=5.6847192718e-001; w1(4,3)=6.5406211391e-001; w1(4,4)=-8.8699582468e-001; 
w10(5,1)=-5.2454688710e-001; w1(5,1)=3.4330130758e-001; w1(5,2)=-9.9400311786e-001; w1(5,3)=-5.4747239581e-001; w1(5,4)=1.1893094142e+000; 
w10(6,1)=-6.3827803005e-001; w1(6,1)=-9.1071545230e-002; w1(6,2)=6.2933570601e-002; w1(6,3)=-6.9837955327e-001; w1(6,4)=1.9645200984e-001; 
w10(7,1)=6.0693183287e-001; w1(7,1)=-1.8307313096e+000; w1(7,2)=4.4482290594e-001; w1(7,3)=-5.5777000005e-001; w1(7,4)=4.0664746876e-001; 
w10(8,1)=2.7267584275e-002; w1(8,1)=6.3501475336e-001; w1(8,2)=1.1016882567e+000; w1(8,3)=1.2450499889e-001; w1(8,4)=-1.4072200480e-001; 
w20=8.7184006820e-001; w2(1)=-1.6623005743e-001; w2(2)=-2.4005991659e+000; w2(3)=1.4111363265e-001; w2(4)=3.3538053735e-001; w2(5)=1.1132775515e-001; w2(6)=-1.4848050208e+000; w2(7)=1.0044312764e-001; w2(8)=-1.1097906512e-001; 

