
%liczba neuronów ukrytych: 5, liczba wejœæ sieci: 4
%wejœcie 1: u(k-4)
%wejœcie 2: u(k-5)
%wejœcie 3: y(k-1)
%wejœcie 4: y(k-2)
%uczenie w trybie OE
w10(1,1)=4.6528722568e-001; w1(1,1)=1.8591220767e+000; w1(1,2)=1.8354722593e+000; w1(1,3)=4.3574524856e-001; w1(1,4)=9.2861116958e-002; 
w10(2,1)=-1.3330444448e-002; w1(2,1)=2.6953808012e-001; w1(2,2)=2.3211367408e-001; w1(2,3)=-1.6401216003e-002; w1(2,4)=5.2612113216e-001; 
w10(3,1)=-5.8179999389e-001; w1(3,1)=-2.8843103933e+000; w1(3,2)=-1.3117795486e+000; w1(3,3)=-7.8384701081e-002; w1(3,4)=-4.9043994877e-001; 
w10(4,1)=-4.5521028538e-001; w1(4,1)=1.5096439144e-002; w1(4,2)=-2.4605525469e-001; w1(4,3)=1.8037595739e-001; w1(4,4)=1.4832769420e-001; 
w10(5,1)=-1.3014566209e+000; w1(5,1)=1.9751360794e+000; w1(5,2)=8.7740257674e-001; w1(5,3)=4.6546892070e-001; w1(5,4)=7.8082834178e-001; 
w20=7.3044775589e-001; w2(1)=-4.8455572298e-001; w2(2)=8.5343167284e-001; w2(3)=-3.2637107944e-001; w2(4)=1.7574369852e+000; w2(5)=-8.0444273234e-002; 

